0000000000000000000000000000000000000000000000000000000000
0000000000000000000000000000000000000000000000000000000000
0000000111111111111111111111111111111111111111111110000000
0000000100000000000000000000000000000000000000000010000000
0000000101111110011110011111100111110001100111110010000000
0000000101111110011110011111100111111001100111110010000000
0000000100011000011000000110000110011000000110000010000000
0000000100011000011000000110000110011001100110000010000000
0000000100011000011110000110000111110001100111110010000000
0000000100011000011100000110000111100001100111110010000000
0000000100011000011000000110000110110001100000010010000000
0000000100011000011000000110000110011001100000010010000000
0000000100011000011110000110000110011001100111110010000000
0000000100011000011110000110000110011001100111110010000000
0000000100000000000000000000000000000000000000000010000000
0000000111111111111100000000000000000111111111111110000000
0000000000000000000100001110000100000100000000000000000000
0000000000000000000100000001000010000100000000000000000000
0000000000000000000100000110000010000100000000000000000000
0000000000000000000100001000000010000100000000000000000000
0000000000000000000100000111000010000100000000000000000000
0000000000000000000100000000000000000100000000000000000000
0000000000000000000111111111111111111100000000000000000000
0000000000000000000000000000000000000000000000000000000000
0000000000000000000000000000000000000000000000000000000000
0000000000000000000000000000000000000000000000000000000000
0000000000000000000000000000000000000000000000000000000000
0000000000000000000000000000000000000000000000000000000000
0000000000000000000000000000000000000000000000000000000000
0000000000000000000000000000000000000000000000000000000000
0000000000000000000000000000000000000000000000000000000000